570.3 465.266593287 386.902270876 486.731187146 341.874545611 391.134656597 309.472496701 382.99679184 413.822304164 378.206956626 
1913.0 2007.49763809 2023.95729567 1929.33448667 2009.07489679 1919.47092115 2001.80502943 2068.25115908 1923.69064204 2022.02426871 
-5937.0 -6021.38847435 -5879.26964822 -5926.36121677 -5956.69124832 -5926.63141481 -5915.07790673 -6046.48475028 -5974.18357188 -5971.01171377 
-8711.2 -8645.64466325 -8462.67165658 -8490.18537107 -8677.62863581 -8599.91916575 -8602.08758151 -8620.44398823 -8513.17679141 -8406.35914934 
30465.1 30272.7173176 30268.0709117 30321.9873198 30339.1343895 30230.8336095 30236.9444411 30255.5943535 30415.2393419 30287.6913093 
-5508.6 -5455.514085 -5541.84978684 -5469.02012596 -5482.96341954 -5415.02132737 -5467.51033142 -5528.45635443 -5420.12533942 -5416.99727239 
443.5 443.557703353 484.780059684 419.774024743 430.473261841 295.675967119 383.90927122 479.255382532 441.604133136 448.248269522 
-4634.7 -4725.06298833 -4657.71107466 -4780.25586879 -4653.47929913 -4749.54878432 -4554.97160914 -4691.03912736 -4667.61229721 -4689.05284364 
-1485.5 -1572.23788023 -1507.5104242 -1505.37939856 -1463.22778242 -1523.16359394 -1556.12599118 -1472.22739323 -1588.02760758 -1487.62171188 
272.9 180.21239443 89.8363599591 219.419240796 92.1669623907 122.951054996 129.414540374 176.110857208 54.5229204545 129.916095015 
